,Video,Camera,Colony,Density,First_frame,Last_frame,Order
0,GP014620,1,1,high,0,1055,0
1,GP024620,1,1,high,0,1055,1
2,GP034620,1,1,high,0,1055,2
3,GP044620,1,1,high,0,1055,3
4,GP054620,1,1,high,0,1055,4
5,GP064620,1,1,high,0,1055,5
6,GP074620,1,1,high,0,1055,6
7,GP084620,1,1,high,0,1055,7
8,GP094620,1,1,high,0,1055,8
9,GP104620,1,1,high,0,1055,9
10,GP114620,1,1,high,0,1055,10
11,GP124620,1,1,high,0,1055,11
12,GP134620,1,1,high,0,1055,12
13,GP144620,1,1,high,0,791,13
14,GP014633,1,1,low,0,1055,0
15,GP024633,1,1,low,0,1055,1
16,GP034633,1,1,low,0,1055,2
17,GP044633,1,1,low,0,1055,3
18,GP054633,1,1,low,0,1055,4
19,GP064633,1,1,low,0,1055,5
20,GP074633,1,1,low,0,1055,6
21,GP084633,1,1,low,0,1055,7
22,GP094633,1,1,low,0,1055,8
23,GP104633,1,1,low,0,1055,9
24,GP114633,1,1,low,0,1055,10
25,GP124633,1,1,low,0,1055,11
26,GP134633,1,1,low,0,1055,12
27,GP144633,1,1,low,0,1055,13
28,GOPR4656,2,1,low,1056,1565,0
29,GP014656,2,1,low,0,1564,1
30,GP024656,2,1,low,0,1565,2
31,GP034656,2,1,low,0,1564,3
32,GP044656,2,1,low,0,1565,4
33,GP054656,2,1,low,0,1564,5
34,GP064656,2,1,low,0,1565,6
35,GP074656,2,1,low,0,1564,7
36,GP084656,2,1,low,0,1565,8
37,GP094656,2,1,low,0,1564,9
38,GOPR4652,3,1,low,1058,1565,0
39,GP014652,3,1,low,0,1564,1
40,GP024652,3,1,low,0,1565,2
41,GP034652,3,1,low,0,1564,3
42,GP044652,3,1,low,0,1565,4
43,GP054652,3,1,low,0,1564,5
44,GP064652,3,1,low,0,1565,6
45,GP074652,3,1,low,0,1564,7
46,GP084652,3,1,low,0,1565,8
47,GP094652,3,1,low,0,1564,9
48,GOPR4657,4,1,low,1061,1565,0
49,GP014657,4,1,low,0,1564,1
50,GP024657,4,1,low,0,1565,2
51,GP034657,4,1,low,0,1564,3
52,GP044657,4,1,low,0,1565,4
53,GP054657,4,1,low,0,1564,5
54,GP064657,4,1,low,0,1565,6
55,GP074657,4,1,low,0,1564,7
56,GP084657,4,1,low,0,1565,8
57,GP094657,4,1,low,0,1564,9
58,GP014647,1,2,high,0,1055,0
59,GP024647,1,2,high,0,1055,1
60,GP034647,1,2,high,0,1055,2
61,GP044647,1,2,high,0,1055,3
62,GP054647,1,2,high,0,1055,4
63,GP064647,1,2,high,0,1055,5
64,GP074647,1,2,high,0,1055,6
65,GP084647,1,2,high,0,1055,7
66,GP094647,1,2,high,0,1055,8
67,GP104647,1,2,high,0,1055,9
68,GP114647,1,2,high,0,1055,10
69,GP124647,1,2,high,0,1055,11
70,GP134647,1,2,high,0,1055,12
71,GP144647,1,2,high,0,1055,13
72,GP014659,1,2,low,0,1055,0
73,GP024659,1,2,low,0,1055,1
74,GP034659,1,2,low,0,1055,2
75,GP044659,1,2,low,0,1055,3
76,GP054659,1,2,low,0,1055,4
77,GP064659,1,2,low,0,1055,5
78,GP074659,1,2,low,0,1055,6
79,GP084659,1,2,low,0,1055,7
80,GP094659,1,2,low,0,1055,8
81,GP104659,1,2,low,0,1055,9
82,GP114659,1,2,low,0,1055,10
83,GP124659,1,2,low,0,1055,11
84,GP134659,1,2,low,0,1055,12
85,GP144659,1,2,low,0,796,13
86,GOPR4673,2,2,low,1058,1565,0
87,GP014673,2,2,low,0,1564,1
88,GP024673,2,2,low,0,1565,2
89,GP034673,2,2,low,0,1564,3
90,GP044673,2,2,low,0,1565,4
91,GP054673,2,2,low,0,1564,5
92,GP064673,2,2,low,0,1565,6
93,GP074673,2,2,low,0,1564,7
94,GP084673,2,2,low,0,1565,8
95,GP094673,2,2,low,0,1564,9
96,GOPR0035,3,2,low,1061,1565,0
97,GP010035,3,2,low,0,1564,1
98,GP020035,3,2,low,0,1565,2
99,GP030035,3,2,low,0,1564,3
100,GP040035,3,2,low,0,1565,4
101,GP050035,3,2,low,0,1564,5
102,GP060035,3,2,low,0,1565,6
103,GP070035,3,2,low,0,1564,7
104,GP080035,3,2,low,0,1565,8
105,GP090035,3,2,low,0,1564,9
106,GOPR4673,4,2,low,1064,1565,0
107,GP014673,4,2,low,0,1564,1
108,GP024673,4,2,low,0,1565,2
109,GP034673,4,2,low,0,1564,3
110,GP044673,4,2,low,0,1565,4
111,GP054673,4,2,low,0,1564,5
112,GP064673,4,2,low,0,1565,6
113,GP074673,4,2,low,0,1564,7
114,GP084673,4,2,low,0,1565,8
115,GP094673,4,2,low,0,1564,9
116,GP014667,1,3,high,0,1055,0
117,GP024667,1,3,high,0,1055,1
118,GP034667,1,3,high,0,1055,2
119,GP044667,1,3,high,0,1055,3
120,GP054667,1,3,high,0,1055,4
121,GP064667,1,3,high,0,1055,5
122,GP074667,1,3,high,0,1055,6
123,GP084667,1,3,high,0,1055,7
124,GP094667,1,3,high,0,1055,8
125,GP104667,1,3,high,0,1055,9
126,GP114667,1,3,high,0,1055,10
127,GP124667,1,3,high,0,1055,11
128,GP134667,1,3,high,0,1055,12
129,GP144667,1,3,high,0,1055,13
130,GP014680,1,3,low,0,1055,0
131,GP024680,1,3,low,0,1055,1
132,GP034680,1,3,low,0,1055,2
133,GP044680,1,3,low,0,1055,3
134,GP054680,1,3,low,0,1055,4
135,GP064680,1,3,low,0,1055,5
136,GP074680,1,3,low,0,1055,6
137,GP084680,1,3,low,0,1055,7
138,GP094680,1,3,low,0,1055,8
139,GP104680,1,3,low,0,1055,9
140,GP114680,1,3,low,0,1055,10
141,GP124680,1,3,low,0,1055,11
142,GP134680,1,3,low,0,1055,12
143,GP144680,1,3,low,0,1055,13
144,GOPR4685,2,3,low,1056,1565,0
145,GP014685,2,3,low,0,1564,1
146,GP024685,2,3,low,0,1565,2
147,GP034685,2,3,low,0,1564,3
148,GP044685,2,3,low,0,1565,4
149,GP054685,2,3,low,0,1564,5
150,GP064685,2,3,low,0,1565,6
151,GP074685,2,3,low,0,1564,7
152,GP084685,2,3,low,0,1565,8
153,GP094685,2,3,low,0,1564,9
154,GOPR4682,3,3,low,1058,1565,0
155,GP014682,3,3,low,0,1564,1
156,GP024682,3,3,low,0,1565,2
157,GP034682,3,3,low,0,1564,3
158,GP044682,3,3,low,0,1565,4
159,GP054682,3,3,low,0,1564,5
160,GP064682,3,3,low,0,1565,6
161,GP074682,3,3,low,0,1564,7
162,GP084682,3,3,low,0,1565,8
163,GP094682,3,3,low,0,1564,9
164,GOPR4687,4,3,low,1060,1565,0
165,GP014687,4,3,low,0,1564,1
166,GP024687,4,3,low,0,1565,2
167,GP034687,4,3,low,0,1564,3
168,GP044687,4,3,low,0,1565,4
169,GP054687,4,3,low,0,1564,5
170,GP064687,4,3,low,0,1565,6
171,GP074687,4,3,low,0,1564,7
172,GP084687,4,3,low,0,1565,8
173,GP094687,4,3,low,0,1564,9
